m <- c(1,2,3,4,5)
n <- c(1.1,1.2,1.3,1.4,1.5)
r <- c("a","b","c")

2*m + 3 * n
m - n
3 * m / 2